builds:
- id: 21ec62bc-6d3d-4437-93f1-a7bd0e88bc9f
  version: 1.4.1
  buildSha: 9f2a0f2
  imageTag: 1.4.1-21ec62bc-6d3d-4437-93f1-a7bd0e88bc9f
  timestamp: 2020-06-27T19:21:10.103304Z
- id: 5c8ed59b-1184-4ce9-b6da-4ad0ffb48734
  version: "1.4"
  buildSha: 6e673b7
  imageTag: 1.4-5c8ed59b-1184-4ce9-b6da-4ad0ffb48734
  timestamp: 2020-06-27T19:07:50.851933Z
