builds:
- id: 9589cf85-5c7d-4a65-a287-27aa85620428
  version: 1.4.3
  buildSha: 51d9823
  imageTag: 1.4.3-9589cf85-5c7d-4a65-a287-27aa85620428
  timestamp: 2020-06-27T20:51:04.834303322Z
- id: fd460926-e999-43ce-8269-daff6f2d656d
  version: 1.4.2
  buildSha: 79468ca
  imageTag: 1.4.2-fd460926-e999-43ce-8269-daff6f2d656d
  timestamp: 2020-06-27T20:37:25.157103277Z
- id: 21ec62bc-6d3d-4437-93f1-a7bd0e88bc9f
  version: 1.4.1
  buildSha: 9f2a0f2
  imageTag: 1.4.1-21ec62bc-6d3d-4437-93f1-a7bd0e88bc9f
  timestamp: 2020-06-27T19:21:10.103304Z
- id: 5c8ed59b-1184-4ce9-b6da-4ad0ffb48734
  version: "1.4"
  buildSha: 6e673b7
  imageTag: 1.4-5c8ed59b-1184-4ce9-b6da-4ad0ffb48734
  timestamp: 2020-06-27T19:07:50.851933Z
